1
2
3
4
5
6
7
8
9
10
11
12
13
14
15
16
17
18
19
20
21
22
23
24
25
26
27
28
29
30
217
141
152
153
180
193
162
180
205
168
232
146
173
155
212
138
147
197
165
125
161
132
257
236
149
161
198
245
141
177
67
52
58
56
66
71
65
80
77
74
65
68
51
64
66
70
54
76
59
58
52
62
64
72
57
57
59
70
63
53
260
190
203
183
170
178
160
170
188
170
220
158
243
198
220
180
150
228
188
160
190
163
313
225
173
173
220
218
193
183
91
66
68
70
77
82
74
84
83
79
72
68
56
59
77
62
75
88
70
66
69
59
96
84
68
65
62
69
60
75
481
292
338
357
396
429
345
469
425
358
393
346
279
311
401
267
404
442
368
295
391
264
487
481
374
309
367
469
252
338
